gini criterion (default parameters, 1000 training vectors):

classification matrix:
[[756   0  55  11   7  40  39  30   8  34]
 [  1 966  26  30  31  12  12  18  28  11]
 [ 38  35 704  28  28  31  46  39  54  29]
 [ 32  12  33 630  28 108  19  36  64  48]
 [  8  18  11  48 644  20  56  36  48  93]
 [ 26  11  28  64  57 546  49  30  47  34]
 [ 32  15  74  31 166  56 515  16  20  33]
 [  6  11  52  20  21  17   8 831   7  55]
 [ 13  40  66  46  31  55  43  23 578  79]
 [ 10  19  27  47  60  45  16  92  55 638]]
68.080% classified correctly

gini criterion (default parameters, 10000 training vectors):

classification matrix:
[[ 854    4   30   11    5   26   19    7    8   16]
 [   2 1053   15   14    1    8   10    4   22    6]
 [  16   18  778   40   21   30   29   27   59   14]
 [  18    6   27  788   10   68    9   18   40   26]
 [  13   14   30   16  773   23    9   19   36   49]
 [  33    7    8   49   12  661   36    7   54   25]
 [  25    9   25    9   35   28  788    2   24   13]
 [   5   15   37   23   12    3    3  889   20   21]
 [  20   24   35   57   18   53   27   25  666   49]
 [  20   10   13   21   52   27    4   27   40  795]]
80.450% classified correctly

gini criterion (default parameters, 60000 training vectors):

classification matrix:
[[ 918    0   10   10    6    9   12    5    8    2]
 [   1 1093   12    4    1    4    6    1   12    1]
 [  10   16  883   31   15    8    9   28   25    7]
 [   9    5   23  869    8   43    6   10   20   17]
 [   5    3    9    3  862    9   19    9   22   41]
 [  11   10    6   40    6  749   20    4   30   16]
 [  13    5   16    8   21   22  844    1   23    5]
 [   4    9   32   14    7    9    1  922    8   22]
 [  11    5   27   37   24   28   18    9  789   26]
 [  14    3   10   18   42   11    4   19   26  862]]
87.910% classified correctly


entropy criterion (default parameters, 1000 training vectors):
classification matrix:
[[813   5  34  11   6  16  29  19  26  21]
 [  0 960  36  59   2  12  20   7  39   0]
 [ 46  29 596  12  59  46  60  93  41  50]
 [ 21  12  37 552  20 209  21  25  74  39]
 [  0   4  33  29 612  37  72  21  61 113]
 [ 14   7  23  90  40 482  44  21  52 119]
 [  8  17  64  14  61  51 679  21  15  28]
 [  1   7  31  15  33  14   4 868  14  41]
 [  7  24 148  35  60 114  43  15 465  63]
 [  5   3  39  62 101  65  60  57  66 551]]
65.780% classified correctly

