linear standard kernel:

classification matrix:
[[ 948    0    5    1    4    8    8    3    2    1]
 [   0 1100    2    1    0    2    2    3   24    1]
 [  11   14  924   13   10    4   19   18   18    1]
 [   3    6   37  785    0  112    3   13   37   14]
 [   1    3    5    1  860    3   11    0    5   93]
 [   9    9   10   49   14  741   10    6   19   25]
 [   5    3   32    0   19   26  870    1    2    0]
 [   1   19   27   15   13    1    0  909    1   42]
 [  14   12   15   26   11   62   15   18  772   29]
 [   7    4   11   12   52   13    0   56    5  849]]
87.580% classified correctly


sigmoid standard kernel:

classification matrix:
[[   0    0    0    0    0    0    0  980    0    0]
 [   0    0    0    0    0    0    0 1135    0    0]
 [   0    0    0    0    0    0    0 1032    0    0]
 [   0    0    0    0    0    0    0 1010    0    0]
 [   0    0    0    0    0    0    0  982    0    0]
 [   0    0    0    0    0    0    0  892    0    0]
 [   0    0    0    0    0    0    0  958    0    0]
 [   0    0    0    0    0    0    0 1028    0    0]
 [   0    0    0    0    0    0    0  974    0    0]
 [   0    0    0    0    0    0    0 1009    0    0]]
10.280% classified correctly

rbf standard kernel:

classification matrix:
[[   0    0    0    0    0    0    0  980    0    0]
 [   0    0    0    0    0    0    0 1135    0    0]
 [   0    0    0    0    0    0    0 1032    0    0]
 [   0    0    0    0    0    0    0 1010    0    0]
 [   0    0    0    0    0    0    0  982    0    0]
 [   0    0    0    0    0    0    0  892    0    0]
 [   0    0    0    0    0    0    0  958    0    0]
 [   0    0    0    0    0    0    0 1028    0    0]
 [   0    0    0    0    0    0    0  974    0    0]
 [   0    0    0    0    0    0    0 1009    0    0]]
10.280% classified correctly

